1 240806912
2 0
3 0
4 0
5 0
6 0
7 0
8 0
9 0
10 0
11 0
12 0
13 0
14 0
16 0
18 0
19 0
20 0
22 0
23 0
24 0
25 0
27 0
29 0
30 0
31 0
32 0
33 0
34 0
35 0
36 0
37 0
38 0
39 0
40 0
45 0
46 0
47 0
48 0
56 0
58 0
59 0
60 0
62 0
64 0
65 0
78 0
114 0
288 0
303 0
304 0
305 0
307 0
310 0
315 0
316 0
317 0
318 0
328 0
393 0
394 0
403 0
404 0
419 0
420 0
421 0
422 0
423 0
424 0
425 0
426 0
427 0
428 0
429 49152
430 0
515 1114112
539 73728
558 16400384
645 0
658 0
659 0
660 0
661 0
662 0
663 0
664 0
665 0
703 8192
705 73728
707 557056
709 0
710 0
732 4186112
733 2289664
735 3387392
736 1265664
737 622592
743 299520
749 0
752 109420544
758 122880
759 1605632
760 4931584
761 0
764 5382144
765 3760128
767 647168
768 2420736
769 700416
773 61440
774 475136
778 176128
794 0
809 7139328
818 2502656
856 4781056
983 2240512
1176 2535424
1177 1167360
1180 962560
1181 921600
1188 18732032
1192 364544
1194 26181632
1196 61440
1552 1224704
1565 319488
1568 491520
1616 0
1617 0
1792 69246976
1870 659456
1936 270336
1941 2064384
1945 464457728
2032 495616
2092 1650688
2105 462848
2128 2998272
2137 0
2138 0
2169 106496
2173 360448
2178 356352
2260 0
2279 0
2284 0
2287 0
2314 527740928
2330 516096
2352 0
2356 24576
2358 0
2362 0
2372 20480
2376 27475968
2382 2215936
2388 63074304
2391 0
2404 1216512
2406 409600
2419 147456
2427 94208
2433 610304
2440 94208
2448 98304
2481 57344
2482 69632
2485 0
2487 0
2492 0
2498 0
2502 0
2504 0
2510 0
2511 102400
2526 0
2527 0
2530 0
2531 0
2532 0
2535 0
2540 0
2542 0
2573 28672
2590 6017024
2599 1556480
2602 69632
2627 20480
2628 16384
2629 6168576
2640 897024
2642 12255232
2659 86016
2666 2064384
2671 303104
2672 192512
2681 540672
2690 36864
2696 0
2725 4399104
2745 40960
2841 36864
2847 1691648
2881 1261568
2888 16384
2889 7598080
3125 81920
5355 0
9098 0
10670 581632
10675 180224
10686 581632
10962 132853760
11564 0
11760 0
11770 0
11863 0
11928 0
15423 495616
24865 0
25083 0
